P 25
3.3665884074711396 2.896231666978875 2.4034947685804013 3.678132455574257 2.485550298874812 4.125109628248648 1.4518371798451657 4.955167646686407 4.226310876189615 3.2335134308783156 0.15400729593115692 1.991391282168789 3.610486450074932 3.484700187447399 2.7673271457790345 2.825225770473519 3.4209727398830605 3.4009557491380207 4.6178291735679835 4.443484870976243 2.392976768273509 2.580285355282136 0.9687167519376594 1.6873362152729368
2.2271093800332586 0.9630936388907383 2.5384779434674574 1.4118332341261048 3.0839804746336883 3.7194709382350943 4.282232030291459 0.8970301708225188 1.4395311277851832 3.358499852748608 1.905992250832128 2.170085320385269 1.9206456291128118 2.681928114442374 3.002741908584131 1.8569181815484732 4.913810372171166 3.696936947741203 2.9865638411596924 1.504406764727408 0.7863030521890035 2.3978716555334803 2.2952388422817704
3.190203018923997 3.2863221293986866 3.6389426141593635 4.52212925582009 4.185972996170352 3.5658033423913045 1.3300792092107399 3.645965985558916 2.8881431122563432 4.1331016308653865 4.3971947004185274 3.2923063793599647 4.391826437945966 5.22985128861739 3.228578931795626 2.6922993582826127 3.9091727827125755 4.051674544800672 3.7315161447606666 3.013412432222262 1.9275149150412159 2.4897264713533414
1.7978852897831907 0.44873959523536655 2.12088683574295 2.756377299344356 3.4747681442128906 1.860123809713257 0.8300186622979144 2.3954062138578696 0.9428986119413898 1.2069916814945305 1.311133163625543 1.7188344755516354 2.0396482696933926 1.2474057160612044 3.9507167332804274 2.7338433088504646 2.3770513756724236 0.5413131258366697 0.17679058670173475 1.434778016642742 2.153397479978019
1.3777292179020515 1.9568161067810912 4.509851627396395 3.1382134233611345 1.9562429201879468 1.0989468156822744 3.832139751505414 1.6867411734054685 3.0048769712777212 1.580061317009903 2.4626770370157143 2.9686378923600776 1.5163338694455644 2.5607330581035397 1.3438596336735769 0.7653524154019857 1.2851556873007484 1.752174891278454 3.2326633064259327 3.643950665324965
2.5696264309783166 3.2051168945797226 3.026028548977524 2.3088634049486236 1.278758257533281 2.639557594805969 0.49415901670602325 1.655731276729897 1.7598727588609095 1.2700948803162688 1.590908674458026 1.696145311296571 3.938462276005591 2.7215888515756284 2.1430816333040372 0.09257353060130313 0.6255301819371013 1.8835176118781085 2.45136850862552
3.7789484668303324 3.7172459008840484 3.913059026969038 2.854485904969893 3.971102332317491 2.1452857871265034 3.3278785172374805 2.804359247845005 1.3693499235162578 4.160535105436343 2.740631800280666 1.8298298975374772 0.6129564731075143 2.722168522183077 2.5468712732312238 2.2976774224446848 3.555664852385692 3.271449890108882
3.8365345726394264 4.616501109057613 3.5863959616422703 1.2978298839140088 3.4432284620139546 3.9633689808388866 3.697002050557737 4.219164325624201 3.9690483584563707 3.6332746029933984 1.949118569292855 3.165991993722818 4.762920262604617 3.2976904251810257 2.933167886046091 2.2584580811291364 2.9770775444644135
4.895882551602044 2.8427009025062753 4.80116035075525 3.520187565683547 4.681759825707421 2.3615864011786467 4.296123429293793 4.61693722343555 2.4253138487429853 1.8874160033465714 3.1042894277765343 3.5549595083542043 3.118602079578827 3.495928978102455 4.909546160855633 5.366575594977048
2.336561298607702 4.218222321467083 2.8030224216546467 3.0671154912077876 2.817675799935331 3.5789582852648927 3.8997720794066497 2.7539483523709922 4.0223785674933525 3.3001025538615236 2.7215953355899325 2.4014369355499268 1.6833332230115223 3.2575941242519555 3.1922690131042892
3.2015318016219445 1.7729172742393042 2.0370103437924447 0.48111450132762856 1.4851359814536353 2.869666931991307 0.41738705376329 3.659679873785814 2.4428064493558512 1.547032713374509 1.3713317881345841 0.6532280755961797 2.264796678940656 2.9834161422759333
2.145398578099946 3.6023978953524 3.330692891516242 2.9213344417101914 2.671218474542362 3.2669654439519036 3.2469484532068638 4.463821877636827 4.396611103563123 2.5469840642046657 2.5721968005596043 0.9606281972151276 1.679247660550405
2.14989029343592 2.1215752635144307 0.7759358636102456 2.085067691164049 2.057847815950092 3.9751156846639804 2.7582422602340175 2.452093588807454 0.4015854861047201 1.1196891986431246 2.3776766285841315 2.67803583020287
2.5181248451200737 2.925826157046166 3.246639951187923 2.454397397555735 5.001731851456693 3.940834990344995 3.584043057166954 1.7483048073312002 1.3837822681962653 2.6417696981372725 3.3603891614725496
1.966250482781264 3.350781433318936 0.06372744756433857 3.408276199167453 2.1914027747374902 1.1933731071755576 1.8524462894622127 1.1343425769238082 2.745911180268285 3.0049891937984015
2.861003554774295 1.9025230352169253 3.199179821053735 1.9823063966237722 3.0321686948281443 1.1775213497149657 1.8956250622533701 2.6207194299279015 1.9020999665926244
3.2870539857545973 4.967097859785467 4.312497526033654 3.7339903077620633 1.6834822050593292 2.2164388563951274 3.4744262863361346 4.042277183083546
3.3445487516031145 2.1276753271731517 1.129645659611219 1.7887188418978741 1.0706151293594697 2.6821837327039466 2.941261746234063
1.2168734244299628 3.3260854735055254 3.845888745404288 4.127507319982162 4.207576650421991 4.9261961137572685
2.1092120490755626 2.629015320974325 2.9106338955521993 4.1686213254932065 3.8844063632163968
2.050508102702734 2.200260788970689 3.8118293923151656 4.070907405845282
0.7181037125384044 1.9760911424794116 2.358794978024217
1.6115686033444767 2.330188066679754
0.7186194633352774
R 5
3.5793676205426856 15 4 3
8.106361210251121 12 18 5
6.521754255626227 5 7 5
4.93006330735699 2 8 3
0.6523653080078609 14 20 4
V 10
7
3
5
6
2
7
3
9
5
8

