P 25
3.5248214928712898 1.674338931093792 0.9064382840523724 4.888221320203956 3.427077229684327 3.0794295688856144 2.6372220996314844 2.3505549269642447 4.556988932031301 1.9882017447770983 3.7284235205204728 1.8338805543728978 4.827836042508708 2.696521707381545 3.2316374127076295 3.0007734848799643 3.0957091452361443 2.235569343843683 6.103851137146044 5.582143912021953 4.869719363578618 1.978237913705191 5.422271599091335 2.3010132260088056
5.199160423965081 4.431259776923662 4.539753034581191 2.9954228951452344 2.936489953011109 0.8875993932398054 2.0240584461280156 4.681203624189494 1.5366197480941914 4.981513214519833 1.690940938498392 4.523360057118787 0.8282997854897447 2.7800554160247226 0.5240480079913254 2.664054810697052 1.8039150093045908 5.741701373135525 4.493579038107602 4.438065029039526 1.5465835791660987 5.060121835080816 1.8693588914697132
2.5807772151461643 6.562560251297748 5.101416160778118 4.753768499979406 4.311561030725276 3.7560664491081273 2.882650000937509 3.66254067587089 4.745286930652929 3.5082194854666895 3.153497111414916 4.370860638475337 4.905976343801421 4.675112415973755 4.770048076329935 3.9099082749374747 4.4295122060522525 6.755177932629199 5.0412323626844096 3.6525768447989826 3.7479326679975435 3.975352157102597
5.378382095379903 4.333515513736699 3.9858678529379867 3.5436603836838563 3.256993211016617 4.696364482438522 2.8946400288294702 2.8219852364681004 2.74031883842527 4.413775055706113 3.602959991433917 4.138075696760001 3.9072117689323362 3.5026838714957638 2.6425440701033027 6.243226687553266 4.675705627969581 4.686997741122024 2.884676197757563 5.561647149498556 2.707987952268425
2.396008388152792 4.18620893603196 3.652153641341386 3.3490025476966743 6.006147725758153 3.003133286487 4.38209870752739 3.054340765831059 5.9738885267654025 3.7114532490914467 4.246568954417532 4.015705026589866 3.5959778266690616 2.7358380252766006 7.188287249384519 4.963041820346305 5.369988045011535 2.9931694554150927 6.50670771132981 2.801281907441723
2.8387456898241457 2.107823501905429 2.517928084147053 3.86046956534502 1.458803147051043 1.9860903193745978 1.593196675311429 3.5778801386126107 2.1671231096554897 2.702238814981574 2.471374887153909 1.3363762302237172 1.7061707461176279 5.407331770459764 5.832402362273347 3.851102824028522 1.4488393159791357 4.725752232405054 1.7716146282827503
2.048890559771303 2.4589951420129275 5.116140320074406 1.3998702049169174 4.8248360091987434 1.2455490145127168 4.857836434981496 2.1081901675213643 2.6433058728474483 2.4124419450197836 2.3105107121478206 1.4503709107553595 5.585024167814437 5.773469420139222 4.084520930490294 1.3899063738450101 4.903444629759727 1.515814792920482
1.2550582683883316 3.91220344644981 0.649020354854386 4.093913821280027 0.8033415452585866 4.330980246642929 0.05929960775006071 1.8924560227849172 0.36355138524847996 1.7764554174572462 0.9163156160647854 4.85410197989572 3.724578860367918 3.5504656357997204 0.6589841859262933 4.172522441841011 0.9817594982299078
2.6571451780614783 1.0591249370960099 4.50401840352165 1.2134461275002104 3.0759219782545966 1.1957586606382709 2.302560605026541 1.50001043813669 2.1865599996988703 1.3264201983064092 4.204007383176222 4.861037913256128 3.9605702180413442 1.069088768167917 3.5224278451215127 1.3918640804715317
3.716270115157488 1.874379245970422 3.870591305561689 3.0564058455652416 3.852903838699749 4.959705783088019 4.157155616198168 4.843705177760349 3.9835653763678875 1.5468622051147436 6.439272428464914 2.158582361746901 3.7262339462293954 0.8652826670600344 4.04900925853301
3.4448934664256408 0.15432119040420056 3.7666086108729795 0.7083199626044467 1.2434356679305312 1.012571740102866 1.1274350626028602 0.26729526121039937 4.205081625041333 4.373599215222304 2.9014452809453344 0.009963831071907236 3.5235020869866243 0.3327391433755218
3.5792869946860266 1.5917898192380129 4.153213429030087 4.688329134356172 4.457465206528507 3.3224665495983148 3.6922610654922257 3.421241451085166 7.497690864437681 1.865012504653924 3.4349296353537335 2.7396619130304565 3.757704947657348
3.612287420468779 0.8626411530086473 1.3977568583347317 1.1668929305070666 1.2618285908632463 0.40168878947078546 4.33947515330172 4.527920405626505 3.0358388092057202 0.14435735933229332 3.6578956152470106 0.4671326716359079
4.271680638892867 5.010044278803511 3.999312049127462 4.874116011332025 4.013976209939564 4.6032680506799855 7.718826590607324 3.456802323891937 3.7566447798010723 3.921688512625276 4.079420092104687
1.951755630534978 0.30425177749841925 1.835755025207307 0.9756152238148461 4.91340158764578 3.6652792526178573 3.609765243549781 0.718283793676354 4.231822049591071 1.0410591059799685
2.256007408033397 2.370870730533391 1.5107309291409305 5.448517292971864 5.617034883152835 4.144880948875866 1.2533994990024384 4.766937754917155 1.576174811306053
2.1400068027057264 1.2798670013132654 5.2176533651442 3.9695310301162765 3.9140170210482004 1.0225355711747732 4.53607382708949 1.3453108834783878
0.8601398013924608 4.544043838487774 5.501034277825164 3.4942898211273956 1.117471231530953 4.496475343862359 0.9255836835575832
4.4524492241079185 4.640894476432704 2.634150019734935 0.25733143013849213 3.770869686053209 0.06544388216512242
7.986134633579658 3.7054445668616447 4.195117793969426 0.6815795380547092 4.517893106273041
7.275044496167638 4.383563046294212 7.3045550955249485 4.706338358597826
2.891481449873427 3.0238650288069353 2.5687061375698126
3.513538255914717 0.32277531230361456
3.8363135682183316
R 6
9.743222903659932 13 1 1
19.293387453063527 9 14 1
10.492413540443666 4 1 4
2.670792987265716 18 2 1
9.400394840288818 2 16 1
14.137680861740014 3 21 1
V 10
6
6
4
8
7
8
4
4
4
9

